[[-0.22246457  0.03464492 -0.22584737 ... -0.48825058  0.3582835
   0.26894653]
 [ 0.21072496  0.4239847   0.15638899 ...  0.21443001  0.2518101
   0.33528099]
 [ 0.29430817  0.44600516 -0.30142828 ... -0.03280571  0.25277862
  -0.09284504]
 ...
 [ 0.06902332 -0.44241683 -0.38444615 ...  0.06882247 -0.09693028
   0.46618678]
 [-0.35689298 -0.36993196  0.49875357 ...  0.45678754  0.1006341
  -0.49413431]
 [ 0.05513112  0.12214457  0.25307631 ...  0.36997157  0.1323138
   0.37431131]]
[[ 0.08988371  0.02727294  0.25516484 ...  0.30734706 -0.11762246
  -0.16170335]]


  Efter træning
[[-0.23102964  0.03027622 -0.22584738 ... -0.49381403  0.34758926
   0.26894653]
 [ 0.2092215   0.41524584  0.15584941 ...  0.21008267  0.23736866
   0.33464203]
 [ 0.29430817  0.44337172 -0.31769475 ... -0.04589925  0.22157697
  -0.09442905]
 ...
 [ 0.04390722 -0.48147835 -0.38444615 ...  0.02259019 -0.15321202
   0.46066841]
 [-0.35230148 -0.34793155  0.49875357 ...  0.46541499  0.14543393
  -0.48894938]
 [ 0.05728428  0.14582657  0.25307631 ...  0.37206799  0.18700069
   0.39681089]]
[[ 0.08988371  0.02727294  0.25516484 ...  0.30734706 -0.11762246
  -0.16170335]]



  Anden træning
[[-0.34490564  0.30925467  0.2785863  ...  0.4544848   0.40877473
  -0.12003537]
 [ 0.22760334 -0.14467435 -0.17902103 ... -0.2840239   0.16442997
  -0.10450465]
 [ 0.400848   -0.10411139 -0.27975466 ... -0.17639204  0.01030112
   0.09916455]
 ...
 [-0.04012812 -0.07355774  0.42380459 ... -0.08706904  0.01954398
  -0.22036022]
 [-0.49835435  0.46453215  0.12515872 ...  0.14232588  0.20196279
   0.45424069]
 [-0.19442438 -0.42514473 -0.02492796 ...  0.14625425  0.30001753
  -0.27547768]]
[[-0.09026693  0.34647564  0.38460263 ... -0.06266697 -0.33641085
   0.37461312]]

[[-0.34490564  0.30925467  0.2785863  ...  0.4544848   0.40877473
  -0.12003537]
 [ 0.22760334 -0.14467435 -0.17902103 ... -0.2840239   0.16442997
  -0.10450465]
 [ 0.400848   -0.10411139 -0.27974523 ... -0.17639204  0.01030112
   0.09916455]
 ...
 [-0.04012816 -0.07355778  0.42380454 ... -0.08706904  0.01954398
  -0.22036022]
 [-0.49835435  0.46453215  0.12515872 ...  0.14232588  0.20196279
   0.45424069]
 [-0.19435639 -0.42508822 -0.02488381 ...  0.14627456  0.30002636
  -0.27547768]]
[[-0.16528208  0.34663275  0.30966805 ... -0.13156738 -0.40889359
   0.32410247]]


[[-0.43419877 -0.05346632 -0.05511497 ... -0.13507048 -0.15309137
   0.17723797]
 [ 0.06064355  0.29612847 -0.32170463 ... -0.48020655 -0.25417773
  -0.0579843 ]
 [-0.38526026 -0.28941831 -0.47846005 ...  0.28082339 -0.28112523
  -0.48145965]
 ...
 [-0.37340088  0.30839639  0.47980727 ...  0.2519239   0.37716132
   0.34012886]
 [ 0.17295291  0.35611583  0.49881307 ...  0.4451631  -0.4197672
  -0.1350581 ]
 [-0.41151866 -0.0488721   0.47636314 ...  0.12087528 -0.09877948
  -0.45918731]]
[[-0.34988096  0.46668647 -0.16975002 ... -0.27143347 -0.32628264
   0.20804189]]

[[-0.43419877 -0.05346632 -0.05511497 ... -0.13507048 -0.15309137
   0.17723797]
 [ 0.06064355  0.29612847 -0.32170463 ... -0.48020655 -0.25417773
  -0.0579843 ]
 [-0.38526026 -0.28941831 -0.47846005 ...  0.28082339 -0.28112523
  -0.48145965]
 ...
 [-0.37340088  0.30839639  0.47980727 ...  0.2519239   0.37716132
   0.34012886]
 [ 0.13324656  0.30854566  0.44615539 ...  0.42436224 -0.44611496
  -0.1350581 ]
 [-0.41151866 -0.04885897  0.4763678  ...  0.12090367 -0.09874941
  -0.45918731]]
[[-0.29730523  0.48377318 -0.03566022 ... -0.13739434 -0.26517252
   0.25214436]]


   Book
[[ 0.04209297  0.01529036  0.03358225 ... -0.01943198 -0.01605503
  -0.08847988]
 [ 0.03469583  0.03581644 -0.05048419 ... -0.00270838  0.00103726
  -0.03918265]
 [-0.01574132 -0.00612026  0.00942539 ... -0.06199602  0.04622799
   0.01894781]
 ...
 [-0.02233381  0.02286826  0.07070071 ...  0.00762416 -0.01385408
  -0.04946483]
 [-0.04326974  0.00539466 -0.04857445 ... -0.01450432  0.06881366
   0.04508092]
 [ 0.0184421  -0.03143279 -0.02560882 ...  0.02074159  0.04168777
  -0.04846725]]
[[ 0.02183558 -0.00757404 -0.00812627 ...  0.05774864 -0.00471178
   0.05083   ]]

[[ 0.02986406  0.00331622  0.02171002 ... -0.01943198 -0.01605503
  -0.08847988]
 [ 0.03469583  0.03581644 -0.05048419 ... -0.00270838  0.00103726
  -0.03918265]
 [-0.01574132 -0.00612026  0.00942539 ... -0.06199602  0.04622799
   0.01894781]
 ...
 [-0.02233377  0.02286828  0.07070073 ...  0.00762419 -0.01385405
  -0.04946483]
 [-0.04326974  0.00539466 -0.04857445 ... -0.01450432  0.06881366
   0.04508092]
 [ 0.0184421  -0.03143279 -0.02560882 ...  0.02074159  0.04168777
  -0.04846725]]
[[ 0.02125999 -0.11788521 -0.00812549 ...  0.01639432 -0.00471178
  -0.01346239]]
